layout_spectrum: 0.2170213
color:
  saturation: 0.3723404
  brandStrength: 0.6161952
  lightness: 0.706383
  rhythmicContrast: 0.2255319
typography_spectrum: 0.7638298
name: Protecomp
